{
  "cold_concurrent_same_media": {
    "failed": 0,
    "first_delta_seconds": {
      "max": 7.655214184895158,
      "mean": 6.304936569649726,
      "min": 5.271730688400567,
      "p50": 6.14640070265159,
      "p95": 7.456641864730044
    },
    "latency_seconds": {
      "max": 7.775479678064585,
      "mean": 7.051730130100623,
      "min": 6.799443925730884,
      "p50": 6.815998458303511,
      "p95": 7.632504078233614
    },
    "requests": 4,
    "successful": 4
  },
  "warm_sequential_same_media": {
    "failed": 0,
    "first_delta_seconds": {
      "max": 2.084982334636152,
      "mean": 2.0405089617706835,
      "min": 1.988479608669877,
      "p50": 2.0442869518883526,
      "p95": 2.0816182814072817
    },
    "latency_seconds": {
      "max": 2.1983596310019493,
      "mean": 2.1535545743536204,
      "min": 2.101950260810554,
      "p50": 2.156954202800989,
      "p95": 2.1948168585542587
    },
    "requests": 4,
    "successful": 4
  }
}
