{
  "cold_concurrent_same_media": {
    "failed": 0,
    "first_delta_seconds": {
      "max": 8.6712826192379,
      "mean": 5.757921637501568,
      "min": 3.1355938222259283,
      "p50": 5.612405054271221,
      "p95": 8.36276044533588
    },
    "latency_seconds": {
      "max": 8.723075927235186,
      "mean": 5.8099252542015165,
      "min": 3.187907310202718,
      "p50": 5.664358889684081,
      "p95": 8.414688253821804
    },
    "requests": 4,
    "successful": 4
  },
  "warm_sequential_same_media": {
    "failed": 0,
    "first_delta_seconds": {
      "max": 2.1995419738814235,
      "mean": 2.1686993662733585,
      "min": 2.1438136640936136,
      "p50": 2.1657209135591984,
      "p95": 2.1958062913734464
    },
    "latency_seconds": {
      "max": 2.2500318735837936,
      "mean": 2.2201754520647228,
      "min": 2.1960887014865875,
      "p50": 2.217290616594255,
      "p95": 2.2464057257864627
    },
    "requests": 4,
    "successful": 4
  }
}
